#        k-dist (A^-1)        energy(eV) :       1 -th eigen
# wavefunction coeff.: <ci|sigma|ci>,sigma=sigma_0 
# k-dist   (ci: wfn coeff for i-th orb)   E(eV), i=        1        2        3        4        5        6        7        8
     0.000000                            -19.383143    0.5000   0.0000   0.0000   0.0000   0.5000   0.0000   0.0000   0.0000
     0.014956                            -19.382489    0.5000   0.0000   0.0000   0.0000   0.5000   0.0000   0.0000   0.0000
     0.029912                            -19.380526    0.4999   0.0001   0.0000   0.0000   0.4999   0.0001   0.0000   0.0000
     0.044868                            -19.377257    0.4997   0.0002   0.0001   0.0000   0.4997   0.0002   0.0001   0.0000
     0.059824                            -19.372682    0.4995   0.0004   0.0001   0.0000   0.4995   0.0004   0.0001   0.0000
     0.074780                            -19.366803    0.4993   0.0006   0.0002   0.0000   0.4993   0.0006   0.0002   0.0000
     0.089737                            -19.359624    0.4989   0.0008   0.0003   0.0000   0.4989   0.0008   0.0003   0.0000
     0.104693                            -19.351148    0.4986   0.0011   0.0004   0.0000   0.4986   0.0011   0.0004   0.0000
     0.119649                            -19.341379    0.4981   0.0014   0.0005   0.0000   0.4981   0.0014   0.0005   0.0000
     0.134605                            -19.330322    0.4976   0.0018   0.0006   0.0000   0.4976   0.0018   0.0006   0.0000
     0.149561                            -19.317981    0.4971   0.0022   0.0007   0.0000   0.4971   0.0022   0.0007   0.0000
     0.164517                            -19.304363    0.4964   0.0027   0.0009   0.0000   0.4964   0.0027   0.0009   0.0000
     0.179473                            -19.289473    0.4958   0.0032   0.0011   0.0000   0.4958   0.0032   0.0011   0.0000
     0.194429                            -19.273317    0.4950   0.0037   0.0012   0.0000   0.4950   0.0037   0.0012   0.0000
     0.209385                            -19.255904    0.4943   0.0043   0.0014   0.0000   0.4943   0.0043   0.0014   0.0000
     0.224341                            -19.237239    0.4934   0.0049   0.0016   0.0000   0.4934   0.0049   0.0016   0.0000
     0.239297                            -19.217332    0.4925   0.0056   0.0019   0.0000   0.4925   0.0056   0.0019   0.0000
     0.254253                            -19.196189    0.4915   0.0063   0.0021   0.0000   0.4915   0.0063   0.0021   0.0000
     0.269210                            -19.173818    0.4905   0.0071   0.0024   0.0000   0.4905   0.0071   0.0024   0.0000
     0.284166                            -19.150229    0.4895   0.0079   0.0026   0.0000   0.4895   0.0079   0.0026   0.0000
     0.299122                            -19.125429    0.4883   0.0088   0.0029   0.0000   0.4883   0.0088   0.0029   0.0000
     0.314078                            -19.099428    0.4871   0.0096   0.0032   0.0000   0.4871   0.0096   0.0032   0.0000
     0.329034                            -19.072232    0.4859   0.0106   0.0035   0.0000   0.4859   0.0106   0.0035   0.0000
     0.343990                            -19.043853    0.4846   0.0115   0.0038   0.0000   0.4846   0.0115   0.0038   0.0000
     0.358946                            -19.014296    0.4833   0.0125   0.0042   0.0000   0.4833   0.0125   0.0042   0.0000
     0.373902                            -18.983573    0.4819   0.0136   0.0045   0.0000   0.4819   0.0136   0.0045   0.0000
     0.388858                            -18.951689    0.4804   0.0147   0.0049   0.0000   0.4804   0.0147   0.0049   0.0000
     0.403814                            -18.918655    0.4789   0.0158   0.0053   0.0000   0.4789   0.0158   0.0053   0.0000
     0.418770                            -18.884477    0.4774   0.0170   0.0057   0.0000   0.4774   0.0170   0.0057   0.0000
     0.433727                            -18.849163    0.4758   0.0182   0.0061   0.0000   0.4758   0.0182   0.0061   0.0000
     0.448683                            -18.812720    0.4741   0.0194   0.0065   0.0000   0.4741   0.0194   0.0065   0.0000
     0.463639                            -18.775156    0.4724   0.0207   0.0069   0.0000   0.4724   0.0207   0.0069   0.0000
     0.478595                            -18.736477    0.4707   0.0220   0.0073   0.0000   0.4707   0.0220   0.0073   0.0000
     0.493551                            -18.696689    0.4689   0.0233   0.0078   0.0000   0.4689   0.0233   0.0078   0.0000
     0.508507                            -18.655798    0.4671   0.0247   0.0082   0.0000   0.4671   0.0247   0.0082   0.0000
     0.523463                            -18.613808    0.4652   0.0261   0.0087   0.0000   0.4652   0.0261   0.0087   0.0000
     0.538419                            -18.570726    0.4633   0.0276   0.0092   0.0000   0.4633   0.0276   0.0092   0.0000
     0.553375                            -18.526554    0.4613   0.0290   0.0097   0.0000   0.4613   0.0290   0.0097   0.0000
     0.568331                            -18.481296    0.4593   0.0305   0.0102   0.0000   0.4593   0.0305   0.0102   0.0000
     0.583287                            -18.434956    0.4573   0.0321   0.0107   0.0000   0.4573   0.0321   0.0107   0.0000
     0.598243                            -18.387537    0.4552   0.0336   0.0112   0.0000   0.4552   0.0336   0.0112   0.0000
     0.613200                            -18.339039    0.4531   0.0352   0.0117   0.0000   0.4531   0.0352   0.0117   0.0000
     0.628156                            -18.289464    0.4509   0.0368   0.0123   0.0000   0.4509   0.0368   0.0123   0.0000
     0.643112                            -18.238814    0.4487   0.0385   0.0128   0.0000   0.4487   0.0385   0.0128   0.0000
     0.658068                            -18.187088    0.4465   0.0401   0.0134   0.0000   0.4465   0.0401   0.0134   0.0000
     0.673024                            -18.134287    0.4443   0.0418   0.0139   0.0000   0.4443   0.0418   0.0139   0.0000
     0.687980                            -18.080410    0.4420   0.0435   0.0145   0.0000   0.4420   0.0435   0.0145   0.0000
     0.702936                            -18.025454    0.4397   0.0452   0.0151   0.0000   0.4397   0.0452   0.0151   0.0000
     0.717892                            -17.969420    0.4374   0.0470   0.0157   0.0000   0.4374   0.0470   0.0157   0.0000
     0.732848                            -17.912303    0.4350   0.0487   0.0162   0.0000   0.4350   0.0487   0.0162   0.0000
     0.747804                            -17.854103    0.4326   0.0505   0.0168   0.0000   0.4326   0.0505   0.0168   0.0000
     0.762760                            -17.794816    0.4302   0.0523   0.0174   0.0000   0.4302   0.0523   0.0174   0.0000
     0.777716                            -17.734439    0.4278   0.0541   0.0180   0.0000   0.4278   0.0541   0.0180   0.0000
     0.792673                            -17.672967    0.4254   0.0559   0.0186   0.0000   0.4254   0.0559   0.0186   0.0000
     0.807629                            -17.610399    0.4230   0.0578   0.0193   0.0000   0.4230   0.0578   0.0193   0.0000
     0.822585                            -17.546728    0.4205   0.0596   0.0199   0.0000   0.4205   0.0596   0.0199   0.0000
     0.837541                            -17.481952    0.4180   0.0615   0.0205   0.0000   0.4180   0.0615   0.0205   0.0000
     0.852497                            -17.416067    0.4156   0.0633   0.0211   0.0000   0.4156   0.0633   0.0211   0.0000
     0.867453                            -17.349067    0.4131   0.0652   0.0217   0.0000   0.4131   0.0652   0.0217   0.0000
     0.882409                            -17.280949    0.4106   0.0671   0.0224   0.0000   0.4106   0.0671   0.0224   0.0000
     0.897365                            -17.211708    0.4081   0.0689   0.0230   0.0000   0.4081   0.0689   0.0230   0.0000
     0.912321                            -17.141342    0.4056   0.0708   0.0236   0.0000   0.4056   0.0708   0.0236   0.0000
     0.927277                            -17.069846    0.4031   0.0727   0.0242   0.0000   0.4031   0.0727   0.0242   0.0000
     0.942233                            -16.997217    0.4006   0.0745   0.0248   0.0000   0.4006   0.0745   0.0248   0.0000
     0.957190                            -16.923453    0.3982   0.0764   0.0255   0.0000   0.3982   0.0764   0.0255   0.0000
     0.972146                            -16.848551    0.3957   0.0782   0.0261   0.0000   0.3957   0.0782   0.0261   0.0000
     0.987102                            -16.772509    0.3933   0.0801   0.0267   0.0000   0.3933   0.0801   0.0267   0.0000
     1.002058                            -16.695327    0.3908   0.0819   0.0273   0.0000   0.3908   0.0819   0.0273   0.0000
     1.017014                            -16.617005    0.3884   0.0837   0.0279   0.0000   0.3884   0.0837   0.0279   0.0000
     1.031970                            -16.537543    0.3860   0.0855   0.0285   0.0000   0.3860   0.0855   0.0285   0.0000
     1.046926                            -16.456945    0.3836   0.0873   0.0291   0.0000   0.3836   0.0873   0.0291   0.0000
     1.061882                            -16.375213    0.3813   0.0890   0.0297   0.0000   0.3813   0.0890   0.0297   0.0000
     1.076838                            -16.292353    0.3790   0.0907   0.0302   0.0000   0.3790   0.0907   0.0302   0.0000
     1.091794                            -16.208372    0.3768   0.0924   0.0308   0.0000   0.3768   0.0924   0.0308   0.0000
     1.106750                            -16.123279    0.3746   0.0941   0.0314   0.0000   0.3746   0.0941   0.0314   0.0000
     1.121706                            -16.037086    0.3724   0.0957   0.0319   0.0000   0.3724   0.0957   0.0319   0.0000
     1.136663                            -15.949806    0.3703   0.0972   0.0324   0.0000   0.3703   0.0972   0.0324   0.0000
     1.151619                            -15.861459    0.3683   0.0987   0.0329   0.0000   0.3683   0.0987   0.0329   0.0000
     1.166575                            -15.772065    0.3664   0.1002   0.0334   0.0000   0.3664   0.1002   0.0334   0.0000
     1.181531                            -15.681652    0.3646   0.1016   0.0339   0.0000   0.3646   0.1016   0.0339   0.0000
     1.196487                            -15.590252    0.3629   0.1029   0.0343   0.0000   0.3629   0.1029   0.0343   0.0000
     1.211443                            -15.497906    0.3613   0.1040   0.0347   0.0000   0.3613   0.1040   0.0347   0.0000
     1.226399                            -15.404663    0.3598   0.1051   0.0350   0.0000   0.3598   0.1051   0.0350   0.0000
     1.241355                            -15.310582    0.3585   0.1061   0.0354   0.0000   0.3585   0.1061   0.0354   0.0000
     1.256311                            -15.215741    0.3575   0.1069   0.0356   0.0000   0.3575   0.1069   0.0356   0.0000
     1.271267                            -15.120232    0.3566   0.1075   0.0358   0.0000   0.3566   0.1075   0.0358   0.0000
     1.286223                            -15.024177    0.3561   0.1079   0.0360   0.0000   0.3561   0.1079   0.0360   0.0000
     1.301180                            -14.927730    0.3559   0.1081   0.0360   0.0000   0.3559   0.1081   0.0360   0.0000
     1.316136                            -14.831091    0.3561   0.1079   0.0360   0.0000   0.3561   0.1079   0.0360   0.0000
     1.331092                            -14.734528    0.3568   0.1074   0.0358   0.0000   0.3568   0.1074   0.0358   0.0000
     1.346048                            -14.638402    0.3581   0.1064   0.0355   0.0000   0.3581   0.1064   0.0355   0.0000
     1.361004                            -14.543210    0.3602   0.1049   0.0350   0.0000   0.3602   0.1049   0.0350   0.0000
     1.375960                            -14.449655    0.3632   0.1026   0.0342   0.0000   0.3632   0.1026   0.0342   0.0000
     1.390916                            -14.358744    0.3673   0.0995   0.0332   0.0000   0.3673   0.0995   0.0332   0.0000
     1.405872                            -14.271957    0.3728   0.0954   0.0318   0.0000   0.3728   0.0954   0.0318   0.0000
     1.420828                            -14.191476    0.3798   0.0902   0.0301   0.0000   0.3798   0.0902   0.0301   0.0000
     1.435784                            -14.120498    0.3880   0.0840   0.0280   0.0000   0.3880   0.0840   0.0280   0.0000
     1.450740                            -14.063468    0.3966   0.0776   0.0259   0.0000   0.3966   0.0776   0.0259   0.0000
     1.465696                            -14.025826    0.4035   0.0724   0.0241   0.0000   0.4035   0.0724   0.0241   0.0000
     1.480653                            -14.012572    0.4062   0.0703   0.0234   0.0000   0.4062   0.0703   0.0234   0.0000
     1.480653                            -14.012572    0.4062   0.0703   0.0234   0.0000   0.4062   0.0703   0.0234   0.0000
     1.489287                            -14.012430    0.4062   0.0703   0.0235   0.0000   0.4062   0.0703   0.0235   0.0000
     1.497922                            -14.012002    0.4062   0.0703   0.0235   0.0000   0.4062   0.0703   0.0235   0.0000
     1.506557                            -14.011290    0.4061   0.0704   0.0236   0.0000   0.4061   0.0704   0.0236   0.0000
     1.515192                            -14.010293    0.4059   0.0704   0.0237   0.0000   0.4059   0.0704   0.0237   0.0000
     1.523827                            -14.009010    0.4058   0.0705   0.0238   0.0000   0.4058   0.0705   0.0238   0.0000
     1.532462                            -14.007440    0.4056   0.0705   0.0239   0.0000   0.4056   0.0705   0.0239   0.0000
     1.541097                            -14.005584    0.4053   0.0706   0.0241   0.0000   0.4053   0.0706   0.0241   0.0000
     1.549732                            -14.003440    0.4050   0.0707   0.0243   0.0000   0.4050   0.0707   0.0243   0.0000
     1.558367                            -14.001007    0.4047   0.0708   0.0245   0.0000   0.4047   0.0708   0.0245   0.0000
     1.567002                            -13.998285    0.4043   0.0709   0.0248   0.0000   0.4043   0.0709   0.0248   0.0000
     1.575636                            -13.995272    0.4039   0.0710   0.0250   0.0000   0.4039   0.0710   0.0250   0.0000
     1.584271                            -13.991967    0.4035   0.0711   0.0253   0.0000   0.4035   0.0711   0.0253   0.0000
     1.592906                            -13.988368    0.4030   0.0713   0.0257   0.0000   0.4030   0.0713   0.0257   0.0000
     1.601541                            -13.984474    0.4025   0.0714   0.0260   0.0000   0.4025   0.0714   0.0260   0.0000
     1.610176                            -13.980284    0.4020   0.0716   0.0264   0.0000   0.4020   0.0716   0.0264   0.0000
     1.618811                            -13.975796    0.4014   0.0718   0.0268   0.0000   0.4014   0.0718   0.0268   0.0000
     1.627446                            -13.971007    0.4008   0.0720   0.0272   0.0000   0.4008   0.0720   0.0272   0.0000
     1.636081                            -13.965917    0.4002   0.0722   0.0277   0.0000   0.4002   0.0722   0.0277   0.0000
     1.644716                            -13.960524    0.3995   0.0724   0.0282   0.0000   0.3995   0.0724   0.0282   0.0000
     1.653351                            -13.954824    0.3988   0.0726   0.0286   0.0000   0.3988   0.0726   0.0286   0.0000
     1.661985                            -13.948817    0.3980   0.0728   0.0292   0.0000   0.3980   0.0728   0.0292   0.0000
     1.670620                            -13.942499    0.3972   0.0730   0.0297   0.0000   0.3972   0.0730   0.0297   0.0000
     1.679255                            -13.935869    0.3964   0.0733   0.0303   0.0000   0.3964   0.0733   0.0303   0.0000
     1.687890                            -13.928925    0.3956   0.0735   0.0309   0.0000   0.3956   0.0735   0.0309   0.0000
     1.696525                            -13.921663    0.3947   0.0738   0.0315   0.0000   0.3947   0.0738   0.0315   0.0000
     1.705160                            -13.914082    0.3938   0.0741   0.0321   0.0000   0.3938   0.0741   0.0321   0.0000
     1.713795                            -13.906179    0.3929   0.0744   0.0327   0.0000   0.3929   0.0744   0.0327   0.0000
     1.722430                            -13.897951    0.3919   0.0747   0.0334   0.0000   0.3919   0.0747   0.0334   0.0000
     1.731065                            -13.889396    0.3909   0.0750   0.0341   0.0000   0.3909   0.0750   0.0341   0.0000
     1.739700                            -13.880511    0.3899   0.0753   0.0348   0.0000   0.3899   0.0753   0.0348   0.0000
     1.748334                            -13.871294    0.3889   0.0756   0.0355   0.0000   0.3889   0.0756   0.0355   0.0000
     1.756969                            -13.861742    0.3878   0.0759   0.0363   0.0000   0.3878   0.0759   0.0363   0.0000
     1.765604                            -13.851852    0.3867   0.0762   0.0370   0.0000   0.3867   0.0762   0.0370   0.0000
     1.774239                            -13.841621    0.3856   0.0766   0.0378   0.0000   0.3856   0.0766   0.0378   0.0000
     1.782874                            -13.831047    0.3844   0.0769   0.0386   0.0000   0.3844   0.0769   0.0386   0.0000
     1.791509                            -13.820127    0.3833   0.0773   0.0394   0.0000   0.3833   0.0773   0.0394   0.0000
     1.800144                            -13.808858    0.3821   0.0777   0.0403   0.0000   0.3821   0.0777   0.0403   0.0000
     1.808779                            -13.797237    0.3809   0.0780   0.0411   0.0000   0.3809   0.0780   0.0411   0.0000
     1.817414                            -13.785262    0.3796   0.0784   0.0420   0.0000   0.3796   0.0784   0.0420   0.0000
     1.826049                            -13.772930    0.3784   0.0788   0.0429   0.0000   0.3784   0.0788   0.0429   0.0000
     1.834683                            -13.760238    0.3771   0.0792   0.0437   0.0000   0.3771   0.0792   0.0437   0.0000
     1.843318                            -13.747184    0.3758   0.0796   0.0447   0.0000   0.3758   0.0796   0.0447   0.0000
     1.851953                            -13.733764    0.3745   0.0800   0.0456   0.0000   0.3745   0.0800   0.0456   0.0000
     1.860588                            -13.719976    0.3731   0.0804   0.0465   0.0000   0.3731   0.0804   0.0465   0.0000
     1.869223                            -13.705818    0.3718   0.0808   0.0474   0.0000   0.3718   0.0808   0.0474   0.0000
     1.877858                            -13.691287    0.3704   0.0812   0.0484   0.0000   0.3704   0.0812   0.0484   0.0000
     1.886493                            -13.676381    0.3690   0.0816   0.0494   0.0000   0.3690   0.0816   0.0494   0.0000
     1.895128                            -13.661096    0.3676   0.0821   0.0503   0.0000   0.3676   0.0821   0.0503   0.0000
     1.903763                            -13.645431    0.3662   0.0825   0.0513   0.0000   0.3662   0.0825   0.0513   0.0000
     1.912398                            -13.629383    0.3647   0.0829   0.0523   0.0000   0.3647   0.0829   0.0523   0.0000
     1.921032                            -13.612950    0.3633   0.0834   0.0533   0.0000   0.3633   0.0834   0.0533   0.0000
     1.929667                            -13.596129    0.3618   0.0838   0.0543   0.0000   0.3618   0.0838   0.0543   0.0000
     1.938302                            -13.578919    0.3604   0.0843   0.0554   0.0000   0.3604   0.0843   0.0554   0.0000
     1.946937                            -13.561317    0.3589   0.0847   0.0564   0.0000   0.3589   0.0847   0.0564   0.0000
     1.955572                            -13.543321    0.3574   0.0852   0.0574   0.0000   0.3574   0.0852   0.0574   0.0000
     1.964207                            -13.524930    0.3559   0.0856   0.0585   0.0000   0.3559   0.0856   0.0585   0.0000
     1.972842                            -13.506140    0.3543   0.0861   0.0596   0.0000   0.3543   0.0861   0.0596   0.0000
     1.981477                            -13.486952    0.3528   0.0866   0.0606   0.0000   0.3528   0.0866   0.0606   0.0000
     1.990112                            -13.467362    0.3513   0.0870   0.0617   0.0000   0.3513   0.0870   0.0617   0.0000
     1.998747                            -13.447369    0.3497   0.0875   0.0628   0.0000   0.3497   0.0875   0.0628   0.0000
     2.007381                            -13.426971    0.3482   0.0880   0.0638   0.0000   0.3482   0.0880   0.0638   0.0000
     2.016016                            -13.406168    0.3466   0.0885   0.0649   0.0000   0.3466   0.0885   0.0649   0.0000
     2.024651                            -13.384957    0.3451   0.0889   0.0660   0.0000   0.3451   0.0889   0.0660   0.0000
     2.033286                            -13.363338    0.3435   0.0894   0.0671   0.0000   0.3435   0.0894   0.0671   0.0000
     2.041921                            -13.341309    0.3419   0.0899   0.0682   0.0000   0.3419   0.0899   0.0682   0.0000
     2.050556                            -13.318869    0.3403   0.0904   0.0693   0.0000   0.3403   0.0904   0.0693   0.0000
     2.059191                            -13.296018    0.3387   0.0909   0.0704   0.0000   0.3387   0.0909   0.0704   0.0000
     2.067826                            -13.272753    0.3371   0.0913   0.0715   0.0000   0.3371   0.0913   0.0715   0.0000
     2.076461                            -13.249075    0.3355   0.0918   0.0726   0.0000   0.3355   0.0918   0.0726   0.0000
     2.085096                            -13.224983    0.3340   0.0923   0.0737   0.0000   0.3340   0.0923   0.0737   0.0000
     2.093730                            -13.200476    0.3324   0.0928   0.0748   0.0000   0.3324   0.0928   0.0748   0.0000
     2.102365                            -13.175553    0.3308   0.0933   0.0760   0.0000   0.3308   0.0933   0.0760   0.0000
     2.111000                            -13.150215    0.3291   0.0938   0.0771   0.0000   0.3291   0.0938   0.0771   0.0000
     2.119635                            -13.124461    0.3275   0.0943   0.0782   0.0000   0.3275   0.0943   0.0782   0.0000
     2.128270                            -13.098290    0.3259   0.0947   0.0793   0.0000   0.3259   0.0947   0.0793   0.0000
     2.136905                            -13.071704    0.3243   0.0952   0.0804   0.0000   0.3243   0.0952   0.0804   0.0000
     2.145540                            -13.044701    0.3227   0.0957   0.0816   0.0000   0.3227   0.0957   0.0816   0.0000
     2.154175                            -13.017282    0.3211   0.0962   0.0827   0.0000   0.3211   0.0962   0.0827   0.0000
     2.162810                            -12.989448    0.3195   0.0967   0.0838   0.0000   0.3195   0.0967   0.0838   0.0000
     2.171445                            -12.961198    0.3179   0.0972   0.0849   0.0000   0.3179   0.0972   0.0849   0.0000
     2.180079                            -12.932533    0.3163   0.0976   0.0860   0.0000   0.3163   0.0976   0.0860   0.0000
     2.188714                            -12.903454    0.3147   0.0981   0.0872   0.0000   0.3147   0.0981   0.0872   0.0000
     2.197349                            -12.873961    0.3131   0.0986   0.0883   0.0000   0.3131   0.0986   0.0883   0.0000
     2.205984                            -12.844055    0.3115   0.0991   0.0894   0.0000   0.3115   0.0991   0.0894   0.0000
     2.214619                            -12.813737    0.3099   0.0995   0.0905   0.0000   0.3099   0.0995   0.0905   0.0000
     2.223254                            -12.783008    0.3084   0.1000   0.0916   0.0000   0.3084   0.1000   0.0916   0.0000
     2.231889                            -12.751869    0.3068   0.1005   0.0927   0.0000   0.3068   0.1005   0.0927   0.0000
     2.240524                            -12.720321    0.3052   0.1009   0.0939   0.0000   0.3052   0.1009   0.0939   0.0000
     2.249159                            -12.688366    0.3036   0.1014   0.0950   0.0000   0.3036   0.1014   0.0950   0.0000
     2.257794                            -12.656005    0.3021   0.1019   0.0961   0.0000   0.3021   0.1019   0.0961   0.0000
     2.266428                            -12.623239    0.3005   0.1023   0.0972   0.0000   0.3005   0.1023   0.0972   0.0000
     2.275063                            -12.590071    0.2989   0.1028   0.0983   0.0000   0.2989   0.1028   0.0983   0.0000
     2.283698                            -12.556501    0.2974   0.1032   0.0994   0.0000   0.2974   0.1032   0.0994   0.0000
     2.292333                            -12.522531    0.2958   0.1037   0.1005   0.0000   0.2958   0.1037   0.1005   0.0000
     2.300968                            -12.488164    0.2943   0.1042   0.1016   0.0000   0.2943   0.1042   0.1016   0.0000
     2.309603                            -12.453401    0.2927   0.1046   0.1027   0.0000   0.2927   0.1046   0.1027   0.0000
     2.318238                            -12.418245    0.2912   0.1050   0.1037   0.0000   0.2912   0.1050   0.1037   0.0000
     2.326873                            -12.382697    0.2897   0.1055   0.1048   0.0000   0.2897   0.1055   0.1048   0.0000
     2.335508                            -12.346760    0.0000   0.2118   0.2118   0.0000   0.5763   0.0000   0.0000   0.0000
     2.335508                            -12.346760    0.0000   0.2118   0.2118   0.0000   0.5763   0.0000   0.0000   0.0000
     2.352777                            -12.424424    0.2905   0.0964   0.1130   0.0000   0.2905   0.0964   0.1130   0.0000
     2.370047                            -12.511853    0.2919   0.0886   0.1196   0.0000   0.2919   0.0886   0.1196   0.0000
     2.387317                            -12.607445    0.2925   0.0821   0.1254   0.0000   0.2925   0.0821   0.1254   0.0000
     2.404587                            -12.709674    0.2928   0.0769   0.1303   0.0000   0.2928   0.0769   0.1303   0.0000
     2.421857                            -12.817177    0.2930   0.0727   0.1343   0.0000   0.2930   0.0727   0.1343   0.0000
     2.439126                            -12.928789    0.2933   0.0692   0.1375   0.0000   0.2933   0.0692   0.1375   0.0000
     2.456396                            -13.043538    0.2937   0.0664   0.1399   0.0000   0.2937   0.0664   0.1399   0.0000
     2.473666                            -13.160625    0.2943   0.0640   0.1417   0.0000   0.2943   0.0640   0.1417   0.0000
     2.490936                            -13.279395    0.2952   0.0620   0.1428   0.0000   0.2952   0.0620   0.1428   0.0000
     2.508206                            -13.399316    0.2963   0.0602   0.1435   0.0000   0.2963   0.0602   0.1435   0.0000
     2.525475                            -13.519951    0.2976   0.0587   0.1437   0.0000   0.2976   0.0587   0.1437   0.0000
     2.542745                            -13.640943    0.2992   0.0572   0.1436   0.0000   0.2992   0.0572   0.1436   0.0000
     2.560015                            -13.761996    0.3009   0.0560   0.1431   0.0000   0.3009   0.0560   0.1431   0.0000
     2.577285                            -13.882866    0.3029   0.0547   0.1424   0.0000   0.3029   0.0547   0.1424   0.0000
     2.594555                            -14.003348    0.3050   0.0536   0.1414   0.0000   0.3050   0.0536   0.1414   0.0000
     2.611825                            -14.123270    0.3073   0.0525   0.1402   0.0000   0.3073   0.0525   0.1402   0.0000
     2.629094                            -14.242490    0.3097   0.0515   0.1389   0.0000   0.3097   0.0515   0.1389   0.0000
     2.646364                            -14.360884    0.3122   0.0505   0.1374   0.0000   0.3122   0.0505   0.1374   0.0000
     2.663634                            -14.478350    0.3148   0.0495   0.1357   0.0000   0.3148   0.0495   0.1357   0.0000
     2.680904                            -14.594799    0.3175   0.0485   0.1340   0.0000   0.3175   0.0485   0.1340   0.0000
     2.698174                            -14.710156    0.3203   0.0475   0.1321   0.0000   0.3203   0.0475   0.1321   0.0000
     2.715443                            -14.824357    0.3232   0.0466   0.1302   0.0000   0.3232   0.0466   0.1302   0.0000
     2.732713                            -14.937348    0.3262   0.0457   0.1281   0.0000   0.3262   0.0457   0.1281   0.0000
     2.749983                            -15.049083    0.3292   0.0447   0.1261   0.0000   0.3292   0.0447   0.1261   0.0000
     2.767253                            -15.159522    0.3323   0.0438   0.1239   0.0000   0.3323   0.0438   0.1239   0.0000
     2.784523                            -15.268632    0.3354   0.0429   0.1217   0.0000   0.3354   0.0429   0.1217   0.0000
     2.801792                            -15.376386    0.3386   0.0420   0.1195   0.0000   0.3386   0.0420   0.1195   0.0000
     2.819062                            -15.482760    0.3418   0.0411   0.1172   0.0000   0.3418   0.0411   0.1172   0.0000
     2.836332                            -15.587737    0.3450   0.0402   0.1149   0.0000   0.3450   0.0402   0.1149   0.0000
     2.853602                            -15.691300    0.3483   0.0392   0.1125   0.0000   0.3483   0.0392   0.1125   0.0000
     2.870872                            -15.793438    0.3515   0.0383   0.1101   0.0000   0.3515   0.0383   0.1101   0.0000
     2.888141                            -15.894143    0.3548   0.0374   0.1077   0.0000   0.3548   0.0374   0.1077   0.0000
     2.905411                            -15.993407    0.3581   0.0365   0.1053   0.0000   0.3581   0.0365   0.1053   0.0000
     2.922681                            -16.091226    0.3615   0.0356   0.1029   0.0000   0.3615   0.0356   0.1029   0.0000
     2.939951                            -16.187599    0.3648   0.0347   0.1004   0.0000   0.3648   0.0347   0.1004   0.0000
     2.957221                            -16.282524    0.3681   0.0339   0.0980   0.0000   0.3681   0.0339   0.0980   0.0000
     2.974490                            -16.376003    0.3715   0.0330   0.0955   0.0000   0.3715   0.0330   0.0955   0.0000
     2.991760                            -16.468038    0.3748   0.0321   0.0931   0.0000   0.3748   0.0321   0.0931   0.0000
     3.009030                            -16.558633    0.3782   0.0312   0.0906   0.0000   0.3782   0.0312   0.0906   0.0000
     3.026300                            -16.647791    0.3815   0.0303   0.0882   0.0000   0.3815   0.0303   0.0882   0.0000
     3.043570                            -16.735518    0.3848   0.0295   0.0857   0.0000   0.3848   0.0295   0.0857   0.0000
     3.060839                            -16.821819    0.3881   0.0286   0.0833   0.0000   0.3881   0.0286   0.0833   0.0000
     3.078109                            -16.906701    0.3914   0.0277   0.0808   0.0000   0.3914   0.0277   0.0808   0.0000
     3.095379                            -16.990169    0.3947   0.0269   0.0784   0.0000   0.3947   0.0269   0.0784   0.0000
     3.112649                            -17.072231    0.3980   0.0260   0.0760   0.0000   0.3980   0.0260   0.0760   0.0000
     3.129919                            -17.152893    0.4012   0.0252   0.0736   0.0000   0.4012   0.0252   0.0736   0.0000
     3.147188                            -17.232162    0.4044   0.0243   0.0712   0.0000   0.4044   0.0243   0.0712   0.0000
     3.164458                            -17.310043    0.4076   0.0235   0.0688   0.0000   0.4076   0.0235   0.0688   0.0000
     3.181728                            -17.386543    0.4108   0.0227   0.0665   0.0000   0.4108   0.0227   0.0665   0.0000
     3.198998                            -17.461668    0.4140   0.0219   0.0642   0.0000   0.4140   0.0219   0.0642   0.0000
     3.216268                            -17.535422    0.4171   0.0211   0.0618   0.0000   0.4171   0.0211   0.0618   0.0000
     3.233537                            -17.607812    0.4201   0.0203   0.0596   0.0000   0.4201   0.0203   0.0596   0.0000
     3.250807                            -17.678840    0.4232   0.0195   0.0573   0.0000   0.4232   0.0195   0.0573   0.0000
     3.268077                            -17.748509    0.4262   0.0187   0.0551   0.0000   0.4262   0.0187   0.0551   0.0000
     3.285347                            -17.816824    0.4292   0.0180   0.0529   0.0000   0.4292   0.0180   0.0529   0.0000
     3.302617                            -17.883785    0.4321   0.0172   0.0507   0.0000   0.4321   0.0172   0.0507   0.0000
     3.319886                            -17.949394    0.4350   0.0165   0.0485   0.0000   0.4350   0.0165   0.0485   0.0000
     3.337156                            -18.013650    0.4378   0.0158   0.0464   0.0000   0.4378   0.0158   0.0464   0.0000
     3.354426                            -18.076554    0.4406   0.0150   0.0443   0.0000   0.4406   0.0150   0.0443   0.0000
     3.371696                            -18.138103    0.4434   0.0143   0.0423   0.0000   0.4434   0.0143   0.0423   0.0000
     3.388966                            -18.198294    0.4461   0.0137   0.0403   0.0000   0.4461   0.0137   0.0403   0.0000
     3.406235                            -18.257125    0.4487   0.0130   0.0383   0.0000   0.4487   0.0130   0.0383   0.0000
     3.423505                            -18.314590    0.4513   0.0123   0.0364   0.0000   0.4513   0.0123   0.0364   0.0000
     3.440775                            -18.370684    0.4538   0.0117   0.0345   0.0000   0.4538   0.0117   0.0345   0.0000
     3.458045                            -18.425400    0.4563   0.0110   0.0327   0.0000   0.4563   0.0110   0.0327   0.0000
     3.475315                            -18.478732    0.4587   0.0104   0.0308   0.0000   0.4587   0.0104   0.0308   0.0000
     3.492584                            -18.530670    0.4611   0.0098   0.0291   0.0000   0.4611   0.0098   0.0291   0.0000
     3.509854                            -18.581207    0.4634   0.0092   0.0274   0.0000   0.4634   0.0092   0.0274   0.0000
     3.527124                            -18.630331    0.4657   0.0087   0.0257   0.0000   0.4657   0.0087   0.0257   0.0000
     3.544394                            -18.678033    0.4678   0.0081   0.0241   0.0000   0.4678   0.0081   0.0241   0.0000
     3.561664                            -18.724300    0.4700   0.0076   0.0225   0.0000   0.4700   0.0076   0.0225   0.0000
     3.578933                            -18.769121    0.4720   0.0070   0.0209   0.0000   0.4720   0.0070   0.0209   0.0000
     3.596203                            -18.812483    0.4740   0.0065   0.0195   0.0000   0.4740   0.0065   0.0195   0.0000
     3.613473                            -18.854373    0.4759   0.0061   0.0180   0.0000   0.4759   0.0061   0.0180   0.0000
     3.630743                            -18.894778    0.4778   0.0056   0.0166   0.0000   0.4778   0.0056   0.0166   0.0000
     3.648013                            -18.933682    0.4796   0.0051   0.0153   0.0000   0.4796   0.0051   0.0153   0.0000
     3.665282                            -18.971072    0.4813   0.0047   0.0140   0.0000   0.4813   0.0047   0.0140   0.0000
     3.682552                            -19.006933    0.4829   0.0043   0.0128   0.0000   0.4829   0.0043   0.0128   0.0000
     3.699822                            -19.041251    0.4845   0.0039   0.0116   0.0000   0.4845   0.0039   0.0116   0.0000
     3.717092                            -19.074011    0.4860   0.0035   0.0105   0.0000   0.4860   0.0035   0.0105   0.0000
     3.734362                            -19.105198    0.4874   0.0032   0.0094   0.0000   0.4874   0.0032   0.0094   0.0000
     3.751631                            -19.134797    0.4887   0.0028   0.0084   0.0000   0.4887   0.0028   0.0084   0.0000
     3.768901                            -19.162794    0.4900   0.0025   0.0075   0.0000   0.4900   0.0025   0.0075   0.0000
     3.786171                            -19.189175    0.4912   0.0022   0.0066   0.0000   0.4912   0.0022   0.0066   0.0000
     3.803441                            -19.213927    0.4923   0.0019   0.0057   0.0000   0.4923   0.0019   0.0057   0.0000
     3.820711                            -19.237035    0.4934   0.0017   0.0050   0.0000   0.4934   0.0017   0.0050   0.0000
     3.837980                            -19.258488    0.4944   0.0014   0.0042   0.0000   0.4944   0.0014   0.0042   0.0000
     3.855250                            -19.278272    0.4953   0.0012   0.0036   0.0000   0.4953   0.0012   0.0036   0.0000
     3.872520                            -19.296377    0.4961   0.0010   0.0029   0.0000   0.4961   0.0010   0.0029   0.0000
     3.889790                            -19.312792    0.4968   0.0008   0.0024   0.0000   0.4968   0.0008   0.0024   0.0000
     3.907060                            -19.327506    0.4975   0.0006   0.0019   0.0000   0.4975   0.0006   0.0019   0.0000
     3.924329                            -19.340512    0.4981   0.0005   0.0014   0.0000   0.4981   0.0005   0.0014   0.0000
     3.941599                            -19.351800    0.4986   0.0004   0.0011   0.0000   0.4986   0.0004   0.0011   0.0000
     3.958869                            -19.361364    0.4990   0.0002   0.0007   0.0000   0.4990   0.0002   0.0007   0.0000
     3.976139                            -19.369198    0.4994   0.0002   0.0005   0.0000   0.4994   0.0002   0.0005   0.0000
     3.993409                            -19.375296    0.4996   0.0001   0.0003   0.0000   0.4996   0.0001   0.0003   0.0000
     4.010678                            -19.379654    0.4998   0.0000   0.0001   0.0000   0.4998   0.0000   0.0001   0.0000
     4.027948                            -19.382271    0.5000   0.0000   0.0000   0.0000   0.5000   0.0000   0.0000   0.0000
     4.045218                            -19.383143    0.5000   0.0000   0.0000   0.0000   0.5000   0.0000   0.0000   0.0000
     4.045218                            -19.383143    0.5000   0.0000   0.0000   0.0000   0.5000   0.0000   0.0000   0.0000
     4.047334                            -19.383143    0.5000   0.0000   0.0000   0.0000   0.5000   0.0000   0.0000   0.0000
     4.049449                            -19.383143    0.5000   0.0000   0.0000   0.0000   0.5000   0.0000   0.0000   0.0000
     4.051565                            -19.383143    0.5000   0.0000   0.0000   0.0000   0.5000   0.0000   0.0000   0.0000
     4.053680                            -19.383143    0.5000   0.0000   0.0000   0.0000   0.5000   0.0000   0.0000   0.0000
     4.055796                            -19.383143    0.5000   0.0000   0.0000   0.0000   0.5000   0.0000   0.0000   0.0000
     4.057911                            -19.383143    0.5000   0.0000   0.0000   0.0000   0.5000   0.0000   0.0000   0.0000
     4.060027                            -19.383143    0.5000   0.0000   0.0000   0.0000   0.5000   0.0000   0.0000   0.0000
     4.062142                            -19.383143    0.5000   0.0000   0.0000   0.0000   0.5000   0.0000   0.0000   0.0000
     4.064258                            -19.383143    0.5000   0.0000   0.0000   0.0000   0.5000   0.0000   0.0000   0.0000
     4.066373                            -19.383143    0.5000   0.0000   0.0000   0.0000   0.5000   0.0000   0.0000   0.0000
     4.068489                            -19.383143    0.5000   0.0000   0.0000   0.0000   0.5000   0.0000   0.0000   0.0000
     4.070605                            -19.383143    0.5000   0.0000   0.0000   0.0000   0.5000   0.0000   0.0000   0.0000
     4.072720                            -19.383143    0.5000   0.0000   0.0000   0.0000   0.5000   0.0000   0.0000   0.0000
     4.074836                            -19.383143    0.5000   0.0000   0.0000   0.0000   0.5000   0.0000   0.0000   0.0000
     4.076951                            -19.383143    0.5000   0.0000   0.0000   0.0000   0.5000   0.0000   0.0000   0.0000
     4.079067                            -19.383143    0.5000   0.0000   0.0000   0.0000   0.5000   0.0000   0.0000   0.0000
     4.081182                            -19.383143    0.5000   0.0000   0.0000   0.0000   0.5000   0.0000   0.0000   0.0000
